177001728
177001854
177001971
177003137
201668335
203231246
203231254
203231255
203236431
203245651
206089631
206089765
206089783
206089786
206089788
206089794
230865763
236880962
242576180
242576232
242577672
242577687
242585825
242589335
242590435
242590452
242596952
242597000
242601724
242650912
242652037
242936136
242936242
242937156
242937176
242941536
242941570
242941626
242941694
242941719
242948306
242948308
242948477
242948478
242950993
242958383
242958494
242958495
243208121
243208315
243230456
243230457
243508609
243508754
243508775
243508796
243508912
243674314
243674325
243674335
243674369
243674383
243674396
243674399
243674510
243674528
243674538
243674568
243677043
243677085
243677096
243677138
243677243
243678643
243678711
243678720
243678833
243679058
243680498
243680500
243680833
243681122
243681123
243686592
243686688
243686689
244988446
245190289
245190450
247653197
247653233
247658319
247658322
247658341
247658370
248011032
248017094
319637230
368897810
368897966
368902719
368920397
368920400
368921589
368927583
368927585
369154374
369154410
369164641
369164647
369165233
369165261
369172848
369174479
369175543
369175567
369468292
369468656
369469280
369525258
369527573
369938908
370099850
370099862
370101314
373096523
373096527
373096533
375774643
375817373
375818284
377645234
377645381
377646952
377648177
377648202
386342689
386342690
386342691
386343036
386343383
386343613
386343618
386343620
386353915
386359760
386362827
386364119
386364183
395048587
395048588
395049076
395049077
395053349
395472743
395474973
411102666
411102673
411102684
411679974
411679976
411679980
411679985
411679986
411679988
411679989
411683825
411683826
476450487
476450490
508503353
514509276
514509310
522420853
522420857
565499299
598051951
598051954
598067388
627791479
878204957
878221784
878221830
878221855
878247730
878247734
878247742
878247752
878256169
878256170
878256171
878256175
878256176
880537706
893902480
896683604
960396163
960396343
960396350
960396578
960396581
960396614
960396617
960396630
970488755
970490122
992571668
992571784
992571798
992571805
992571815
992571862
992571865
1174027645
1343855890
1367949892
1466785612
1466792836
1726438659
1726438692
1739465574
1774507566
1789921464
1808972425
1809047411
1809047422
1809047429
1809047470
1818789823
1818852095
1818852097
1818852098
1818863659
1818863666
1818876221
1818876231
1818980383
1818980386
1819975128
1819975331
1819975440
1819975606
1819977022
1820000202
1820000210
1820000215
1820000257
1820000259
1820000270
1820000293
1820000300
1820000303
1820000389
1820026093
1820026304
1820026369
1820026408
1820026489
1820026502
1820054755
1820054756
1820054832
1820076845
1820076987
1820138112
1820138115
1820138188
1820138484
1831390121
1831417495
1831417498
1831421713
1831429904
1831429907
1832227843
1832228777
1832232353
1832232354
1836941377
1836946432
1836946465
1839151896
1839151897
1839151898
1839151899
1840034267
1840034268
1840034269
1840034270
1840034303
1840034305
1840034341
1840034344
1840034429
1840034431
1840038945
1840086277
1840121847
1840121849
1840121889
1840121920
1840121936
1840267252
1840267254
1840267278
1840267280
1840267281
1840267283
1840895164
1847031154
1847031156
1855321476
1855321477
1864014186
1864014188
1865254946
1913644442
2101481924
2101481927
2327164331
2327164333
2327164358
2327164359
2327164360
2327164416
2327164418
2327164420
2327164941
2327164951
2327164957
2327165574
2327165576
2327165624
2487509239
2487509256
2487509277
2487509297
2488906548
2488906550
2488906558
2488906561
2603680425
2603680426
2603680427
2636173664
2674330607
2674717969
2674718017
2674718021
2674754130
2696132747
2696132749
2763366341
2763432849
2789631450
2857985017
3106550086
3182619362
3551042920
3551042921
3567075521
3567075522
3866450476
3884198621
3884198622
3884198623
3884198624
3895253815
4113451988
4113453989
4134925439
4314619285
4314619286
4433697013
4433697014
4433697017
4433697037
4459074576
4459074650
4459074652
4459074684
4459074689
4459074690
4459074691
4459074705
4459074738
4459074741
4459074742
4459074743
4459074818
4574348126
4574348131
4574348136
4574348137
4587590412
4587590413
4600339259
4600339260
4602716506
4605217482
4638905057
4644995440
4644995449
4645736710
4645880169
4645880178
4645880179
4645880180
4645890590
4645984706
4645984719
4645984725
4646059940
4646059944
4646059961
4646565596
4648506406
4648597085
4648597087
4648760694
4648760703
4648760711
4648760712
4648760713
4648760714
4650629297
4650629298
4650629304
4650629306
4650716986
4650717191
4654040879
4654377562
4654454713
4654454716
4654454717
4654642701
4656656950
4656656951
4658610414
4658610416
4658610417
4658633698
4658633702
4658633703
4658633708
4660426171
4660426172
4660426184
4661880280
4661984546
4663363888
4668479519
4668479525
4668670527
4668691027
4668691041
4668691043
4668696575
4668696576
4668715299
4669630688
4669675726
4670008836
4670008837
4670008838
4670075218
4670165831
4670165843
4670187655
4670187661
4670211624
4670211627
4670211628
4670400462
4670400463
4670446428
4670446429
4670463988
4670464089
4670464099
4670464100
4670464122
4670464123
4673548170
4673548171
4673706740
4673706741
4673706742
4673706745
4685938719
4685938720
4712271353
4712271370
4712271373
4732436752
4732543123
4732574863
4750480757
4750480763
4750480768
4750480769
4881077651
4881077653
5015083941
5015083973
5015083974
5015083978
5015698916
5015698917
5015699374
5015699375
5015699389
5015699393
5015699396
5059192722
5061403726
5061403727
5061403728
5061403729
5116054748
5138447493
5149709333
5175554765
5175554775
5175554776
5175554782
5175554783
5175554810
5175554811
5175554828
5175554838
5175554839
5175554840
5176933494
5177275322
5186549251
5186622841
5216985653
5216985654
5216985667
5216985668
5218349065
5218349066
5218349080
5218349081
5246570485
5266984257
5266984258
5268365908
5286772808
5601058315
5601058316
5601065823
5601065824
5601131664
5601131665
5601131667
5601131668
5601131675
5601182536
5601182537
5601182544
5601182545
5601182558
5601425597
5601466260
5601466265
5601466266
5601466275
5601466282
5607639794
5607639795
5607639796
5607639797
5680518958
5680518959
5680518963
5680518964
5686998434
5689362916
5689362917
5689786183
5689786184
5689786187
5689786188
5689786189
5689786190
5697934769
5697934770
5777315343
5841392161
5841392174
5862767208
5862767209
5935882893
5935882896
6017189377
6063604792
6126447174
6126447175
6126447176
6130574920
6130574933
6130574948
6130574949
6212226145
6212226146
6244901458
6265175359
6281637337
6281637338
6344122502
6344122504
6344122505
6344122509
6344122510
6553355836
6585501072
6680721384
6680736185
6693953731
6738169399
6745222023
6745222038
6771457239
6771457240
6771457244
6771457252
7776605415
7814990865
8208600799
8208600800
8208602361
8268985041
8393614925
8393614931
8393614932
8393614941
9254865347
9443677685
10597160798
10696646002
10855555907
11537249474
11744936688
11744936689
11746900214
11746905363
12517749377
12517749378
12517749379
12517749380
12720735007
12720735008
13472978681
13472978682
13844953011
13844953014